image: ./rls_fetch.pgm
resolution: 0.050000
origin: [-5.967174, -7.035826, 0.000000]
negate: 0
occupied_thresh: 0.65
free_thresh: 0.196

